{
 "cells": [
  {
   "cell_type": "code",
   "execution_count": 2,
   "id": "b054cda2",
   "metadata": {},
   "outputs": [],
   "source": [
    "#importing libraries\n",
    "import numpy as np\n",
    "import pandas as pd\n",
    "import matplotlib.pyplot as plt"
   ]
  },
  {
   "cell_type": "code",
   "execution_count": 3,
   "id": "e7bd38aa",
   "metadata": {},
   "outputs": [
    {
     "data": {
      "text/html": [
       "<div>\n",
       "<style scoped>\n",
       "    .dataframe tbody tr th:only-of-type {\n",
       "        vertical-align: middle;\n",
       "    }\n",
       "\n",
       "    .dataframe tbody tr th {\n",
       "        vertical-align: top;\n",
       "    }\n",
       "\n",
       "    .dataframe thead th {\n",
       "        text-align: right;\n",
       "    }\n",
       "</style>\n",
       "<table border=\"1\" class=\"dataframe\">\n",
       "  <thead>\n",
       "    <tr style=\"text-align: right;\">\n",
       "      <th></th>\n",
       "      <th>Year</th>\n",
       "      <th>Age_Group</th>\n",
       "      <th>Gender</th>\n",
       "      <th>Smoking_Prevalence</th>\n",
       "      <th>Drug_Experimentation</th>\n",
       "      <th>Socioeconomic_Status</th>\n",
       "      <th>Peer_Influence</th>\n",
       "      <th>School_Programs</th>\n",
       "      <th>Family_Background</th>\n",
       "      <th>Mental_Health</th>\n",
       "      <th>Access_to_Counseling</th>\n",
       "      <th>Parental_Supervision</th>\n",
       "      <th>Substance_Education</th>\n",
       "      <th>Community_Support</th>\n",
       "      <th>Media_Influence</th>\n",
       "    </tr>\n",
       "  </thead>\n",
       "  <tbody>\n",
       "    <tr>\n",
       "      <th>0</th>\n",
       "      <td>2024</td>\n",
       "      <td>15-19</td>\n",
       "      <td>Both</td>\n",
       "      <td>18.85</td>\n",
       "      <td>32.40</td>\n",
       "      <td>High</td>\n",
       "      <td>5</td>\n",
       "      <td>Yes</td>\n",
       "      <td>1</td>\n",
       "      <td>5</td>\n",
       "      <td>No</td>\n",
       "      <td>4</td>\n",
       "      <td>No</td>\n",
       "      <td>3</td>\n",
       "      <td>1</td>\n",
       "    </tr>\n",
       "    <tr>\n",
       "      <th>1</th>\n",
       "      <td>2024</td>\n",
       "      <td>10-14</td>\n",
       "      <td>Female</td>\n",
       "      <td>34.88</td>\n",
       "      <td>41.57</td>\n",
       "      <td>High</td>\n",
       "      <td>6</td>\n",
       "      <td>Yes</td>\n",
       "      <td>10</td>\n",
       "      <td>5</td>\n",
       "      <td>No</td>\n",
       "      <td>9</td>\n",
       "      <td>Yes</td>\n",
       "      <td>9</td>\n",
       "      <td>3</td>\n",
       "    </tr>\n",
       "    <tr>\n",
       "      <th>2</th>\n",
       "      <td>2023</td>\n",
       "      <td>10-14</td>\n",
       "      <td>Both</td>\n",
       "      <td>42.00</td>\n",
       "      <td>56.80</td>\n",
       "      <td>High</td>\n",
       "      <td>6</td>\n",
       "      <td>Yes</td>\n",
       "      <td>2</td>\n",
       "      <td>7</td>\n",
       "      <td>Yes</td>\n",
       "      <td>2</td>\n",
       "      <td>No</td>\n",
       "      <td>5</td>\n",
       "      <td>1</td>\n",
       "    </tr>\n",
       "    <tr>\n",
       "      <th>3</th>\n",
       "      <td>2024</td>\n",
       "      <td>40-49</td>\n",
       "      <td>Both</td>\n",
       "      <td>33.75</td>\n",
       "      <td>42.90</td>\n",
       "      <td>Middle</td>\n",
       "      <td>10</td>\n",
       "      <td>No</td>\n",
       "      <td>9</td>\n",
       "      <td>7</td>\n",
       "      <td>Yes</td>\n",
       "      <td>2</td>\n",
       "      <td>No</td>\n",
       "      <td>10</td>\n",
       "      <td>9</td>\n",
       "    </tr>\n",
       "    <tr>\n",
       "      <th>4</th>\n",
       "      <td>2023</td>\n",
       "      <td>15-19</td>\n",
       "      <td>Male</td>\n",
       "      <td>47.90</td>\n",
       "      <td>39.62</td>\n",
       "      <td>High</td>\n",
       "      <td>1</td>\n",
       "      <td>No</td>\n",
       "      <td>2</td>\n",
       "      <td>4</td>\n",
       "      <td>Yes</td>\n",
       "      <td>4</td>\n",
       "      <td>No</td>\n",
       "      <td>10</td>\n",
       "      <td>3</td>\n",
       "    </tr>\n",
       "  </tbody>\n",
       "</table>\n",
       "</div>"
      ],
      "text/plain": [
       "   Year Age_Group  Gender  Smoking_Prevalence  Drug_Experimentation  \\\n",
       "0  2024     15-19    Both               18.85                 32.40   \n",
       "1  2024     10-14  Female               34.88                 41.57   \n",
       "2  2023     10-14    Both               42.00                 56.80   \n",
       "3  2024     40-49    Both               33.75                 42.90   \n",
       "4  2023     15-19    Male               47.90                 39.62   \n",
       "\n",
       "  Socioeconomic_Status  Peer_Influence School_Programs  Family_Background  \\\n",
       "0                 High               5             Yes                  1   \n",
       "1                 High               6             Yes                 10   \n",
       "2                 High               6             Yes                  2   \n",
       "3               Middle              10              No                  9   \n",
       "4                 High               1              No                  2   \n",
       "\n",
       "   Mental_Health Access_to_Counseling  Parental_Supervision  \\\n",
       "0              5                   No                     4   \n",
       "1              5                   No                     9   \n",
       "2              7                  Yes                     2   \n",
       "3              7                  Yes                     2   \n",
       "4              4                  Yes                     4   \n",
       "\n",
       "  Substance_Education  Community_Support  Media_Influence  \n",
       "0                  No                  3                1  \n",
       "1                 Yes                  9                3  \n",
       "2                  No                  5                1  \n",
       "3                  No                 10                9  \n",
       "4                  No                 10                3  "
      ]
     },
     "execution_count": 3,
     "metadata": {},
     "output_type": "execute_result"
    }
   ],
   "source": [
    "# importing dataset\n",
    "df=pd.read_csv(\"youth_smoking_drug_data_10000_rows_expanded.csv\")\n",
    "df.head()"
   ]
  },
  {
   "cell_type": "code",
   "execution_count": 4,
   "id": "4791557a",
   "metadata": {},
   "outputs": [
    {
     "name": "stdout",
     "output_type": "stream",
     "text": [
      "<class 'pandas.core.frame.DataFrame'>\n",
      "RangeIndex: 10000 entries, 0 to 9999\n",
      "Data columns (total 15 columns):\n",
      " #   Column                Non-Null Count  Dtype  \n",
      "---  ------                --------------  -----  \n",
      " 0   Year                  10000 non-null  int64  \n",
      " 1   Age_Group             10000 non-null  object \n",
      " 2   Gender                10000 non-null  object \n",
      " 3   Smoking_Prevalence    10000 non-null  float64\n",
      " 4   Drug_Experimentation  10000 non-null  float64\n",
      " 5   Socioeconomic_Status  10000 non-null  object \n",
      " 6   Peer_Influence        10000 non-null  int64  \n",
      " 7   School_Programs       10000 non-null  object \n",
      " 8   Family_Background     10000 non-null  int64  \n",
      " 9   Mental_Health         10000 non-null  int64  \n",
      " 10  Access_to_Counseling  10000 non-null  object \n",
      " 11  Parental_Supervision  10000 non-null  int64  \n",
      " 12  Substance_Education   10000 non-null  object \n",
      " 13  Community_Support     10000 non-null  int64  \n",
      " 14  Media_Influence       10000 non-null  int64  \n",
      "dtypes: float64(2), int64(7), object(6)\n",
      "memory usage: 1.1+ MB\n"
     ]
    },
    {
     "data": {
      "text/html": [
       "<div>\n",
       "<style scoped>\n",
       "    .dataframe tbody tr th:only-of-type {\n",
       "        vertical-align: middle;\n",
       "    }\n",
       "\n",
       "    .dataframe tbody tr th {\n",
       "        vertical-align: top;\n",
       "    }\n",
       "\n",
       "    .dataframe thead th {\n",
       "        text-align: right;\n",
       "    }\n",
       "</style>\n",
       "<table border=\"1\" class=\"dataframe\">\n",
       "  <thead>\n",
       "    <tr style=\"text-align: right;\">\n",
       "      <th></th>\n",
       "      <th>Year</th>\n",
       "      <th>Smoking_Prevalence</th>\n",
       "      <th>Drug_Experimentation</th>\n",
       "      <th>Peer_Influence</th>\n",
       "      <th>Family_Background</th>\n",
       "      <th>Mental_Health</th>\n",
       "      <th>Parental_Supervision</th>\n",
       "      <th>Community_Support</th>\n",
       "      <th>Media_Influence</th>\n",
       "    </tr>\n",
       "  </thead>\n",
       "  <tbody>\n",
       "    <tr>\n",
       "      <th>count</th>\n",
       "      <td>10000.000000</td>\n",
       "      <td>10000.000000</td>\n",
       "      <td>10000.000000</td>\n",
       "      <td>10000.000000</td>\n",
       "      <td>10000.000000</td>\n",
       "      <td>10000.000000</td>\n",
       "      <td>10000.000000</td>\n",
       "      <td>10000.000000</td>\n",
       "      <td>10000.000000</td>\n",
       "    </tr>\n",
       "    <tr>\n",
       "      <th>mean</th>\n",
       "      <td>2022.000500</td>\n",
       "      <td>27.439257</td>\n",
       "      <td>40.150182</td>\n",
       "      <td>5.440100</td>\n",
       "      <td>5.513300</td>\n",
       "      <td>5.469800</td>\n",
       "      <td>5.528000</td>\n",
       "      <td>5.544600</td>\n",
       "      <td>5.506200</td>\n",
       "    </tr>\n",
       "    <tr>\n",
       "      <th>std</th>\n",
       "      <td>1.425027</td>\n",
       "      <td>12.975528</td>\n",
       "      <td>17.515917</td>\n",
       "      <td>2.863151</td>\n",
       "      <td>2.865038</td>\n",
       "      <td>2.879326</td>\n",
       "      <td>2.891514</td>\n",
       "      <td>2.870302</td>\n",
       "      <td>2.872836</td>\n",
       "    </tr>\n",
       "    <tr>\n",
       "      <th>min</th>\n",
       "      <td>2020.000000</td>\n",
       "      <td>5.000000</td>\n",
       "      <td>10.000000</td>\n",
       "      <td>1.000000</td>\n",
       "      <td>1.000000</td>\n",
       "      <td>1.000000</td>\n",
       "      <td>1.000000</td>\n",
       "      <td>1.000000</td>\n",
       "      <td>1.000000</td>\n",
       "    </tr>\n",
       "    <tr>\n",
       "      <th>25%</th>\n",
       "      <td>2021.000000</td>\n",
       "      <td>16.160000</td>\n",
       "      <td>24.920000</td>\n",
       "      <td>3.000000</td>\n",
       "      <td>3.000000</td>\n",
       "      <td>3.000000</td>\n",
       "      <td>3.000000</td>\n",
       "      <td>3.000000</td>\n",
       "      <td>3.000000</td>\n",
       "    </tr>\n",
       "    <tr>\n",
       "      <th>50%</th>\n",
       "      <td>2022.000000</td>\n",
       "      <td>27.355000</td>\n",
       "      <td>40.100000</td>\n",
       "      <td>5.000000</td>\n",
       "      <td>6.000000</td>\n",
       "      <td>5.000000</td>\n",
       "      <td>6.000000</td>\n",
       "      <td>6.000000</td>\n",
       "      <td>6.000000</td>\n",
       "    </tr>\n",
       "    <tr>\n",
       "      <th>75%</th>\n",
       "      <td>2023.000000</td>\n",
       "      <td>38.672500</td>\n",
       "      <td>55.462500</td>\n",
       "      <td>8.000000</td>\n",
       "      <td>8.000000</td>\n",
       "      <td>8.000000</td>\n",
       "      <td>8.000000</td>\n",
       "      <td>8.000000</td>\n",
       "      <td>8.000000</td>\n",
       "    </tr>\n",
       "    <tr>\n",
       "      <th>max</th>\n",
       "      <td>2024.000000</td>\n",
       "      <td>50.000000</td>\n",
       "      <td>69.990000</td>\n",
       "      <td>10.000000</td>\n",
       "      <td>10.000000</td>\n",
       "      <td>10.000000</td>\n",
       "      <td>10.000000</td>\n",
       "      <td>10.000000</td>\n",
       "      <td>10.000000</td>\n",
       "    </tr>\n",
       "  </tbody>\n",
       "</table>\n",
       "</div>"
      ],
      "text/plain": [
       "               Year  Smoking_Prevalence  Drug_Experimentation  Peer_Influence  \\\n",
       "count  10000.000000        10000.000000          10000.000000    10000.000000   \n",
       "mean    2022.000500           27.439257             40.150182        5.440100   \n",
       "std        1.425027           12.975528             17.515917        2.863151   \n",
       "min     2020.000000            5.000000             10.000000        1.000000   \n",
       "25%     2021.000000           16.160000             24.920000        3.000000   \n",
       "50%     2022.000000           27.355000             40.100000        5.000000   \n",
       "75%     2023.000000           38.672500             55.462500        8.000000   \n",
       "max     2024.000000           50.000000             69.990000       10.000000   \n",
       "\n",
       "       Family_Background  Mental_Health  Parental_Supervision  \\\n",
       "count       10000.000000   10000.000000          10000.000000   \n",
       "mean            5.513300       5.469800              5.528000   \n",
       "std             2.865038       2.879326              2.891514   \n",
       "min             1.000000       1.000000              1.000000   \n",
       "25%             3.000000       3.000000              3.000000   \n",
       "50%             6.000000       5.000000              6.000000   \n",
       "75%             8.000000       8.000000              8.000000   \n",
       "max            10.000000      10.000000             10.000000   \n",
       "\n",
       "       Community_Support  Media_Influence  \n",
       "count       10000.000000     10000.000000  \n",
       "mean            5.544600         5.506200  \n",
       "std             2.870302         2.872836  \n",
       "min             1.000000         1.000000  \n",
       "25%             3.000000         3.000000  \n",
       "50%             6.000000         6.000000  \n",
       "75%             8.000000         8.000000  \n",
       "max            10.000000        10.000000  "
      ]
     },
     "execution_count": 4,
     "metadata": {},
     "output_type": "execute_result"
    }
   ],
   "source": [
    "# EDA\n",
    "df.info()\n",
    "df.describe()"
   ]
  },
  {
   "cell_type": "code",
   "execution_count": 5,
   "id": "2d7dea9e",
   "metadata": {},
   "outputs": [
    {
     "data": {
      "text/html": [
       "<div>\n",
       "<style scoped>\n",
       "    .dataframe tbody tr th:only-of-type {\n",
       "        vertical-align: middle;\n",
       "    }\n",
       "\n",
       "    .dataframe tbody tr th {\n",
       "        vertical-align: top;\n",
       "    }\n",
       "\n",
       "    .dataframe thead th {\n",
       "        text-align: right;\n",
       "    }\n",
       "</style>\n",
       "<table border=\"1\" class=\"dataframe\">\n",
       "  <thead>\n",
       "    <tr style=\"text-align: right;\">\n",
       "      <th></th>\n",
       "      <th>Age_Group</th>\n",
       "      <th>Gender</th>\n",
       "      <th>Smoking_Prevalence</th>\n",
       "      <th>Drug_Experimentation</th>\n",
       "      <th>Socioeconomic_Status</th>\n",
       "      <th>Peer_Influence</th>\n",
       "      <th>School_Programs</th>\n",
       "      <th>Family_Background</th>\n",
       "      <th>Mental_Health</th>\n",
       "      <th>Access_to_Counseling</th>\n",
       "      <th>Parental_Supervision</th>\n",
       "      <th>Substance_Education</th>\n",
       "      <th>Community_Support</th>\n",
       "      <th>Media_Influence</th>\n",
       "    </tr>\n",
       "  </thead>\n",
       "  <tbody>\n",
       "    <tr>\n",
       "      <th>0</th>\n",
       "      <td>15-19</td>\n",
       "      <td>Both</td>\n",
       "      <td>18.85</td>\n",
       "      <td>32.40</td>\n",
       "      <td>High</td>\n",
       "      <td>5</td>\n",
       "      <td>Yes</td>\n",
       "      <td>1</td>\n",
       "      <td>5</td>\n",
       "      <td>No</td>\n",
       "      <td>4</td>\n",
       "      <td>No</td>\n",
       "      <td>3</td>\n",
       "      <td>1</td>\n",
       "    </tr>\n",
       "    <tr>\n",
       "      <th>1</th>\n",
       "      <td>10-14</td>\n",
       "      <td>Female</td>\n",
       "      <td>34.88</td>\n",
       "      <td>41.57</td>\n",
       "      <td>High</td>\n",
       "      <td>6</td>\n",
       "      <td>Yes</td>\n",
       "      <td>10</td>\n",
       "      <td>5</td>\n",
       "      <td>No</td>\n",
       "      <td>9</td>\n",
       "      <td>Yes</td>\n",
       "      <td>9</td>\n",
       "      <td>3</td>\n",
       "    </tr>\n",
       "    <tr>\n",
       "      <th>2</th>\n",
       "      <td>10-14</td>\n",
       "      <td>Both</td>\n",
       "      <td>42.00</td>\n",
       "      <td>56.80</td>\n",
       "      <td>High</td>\n",
       "      <td>6</td>\n",
       "      <td>Yes</td>\n",
       "      <td>2</td>\n",
       "      <td>7</td>\n",
       "      <td>Yes</td>\n",
       "      <td>2</td>\n",
       "      <td>No</td>\n",
       "      <td>5</td>\n",
       "      <td>1</td>\n",
       "    </tr>\n",
       "    <tr>\n",
       "      <th>3</th>\n",
       "      <td>40-49</td>\n",
       "      <td>Both</td>\n",
       "      <td>33.75</td>\n",
       "      <td>42.90</td>\n",
       "      <td>Middle</td>\n",
       "      <td>10</td>\n",
       "      <td>No</td>\n",
       "      <td>9</td>\n",
       "      <td>7</td>\n",
       "      <td>Yes</td>\n",
       "      <td>2</td>\n",
       "      <td>No</td>\n",
       "      <td>10</td>\n",
       "      <td>9</td>\n",
       "    </tr>\n",
       "    <tr>\n",
       "      <th>4</th>\n",
       "      <td>15-19</td>\n",
       "      <td>Male</td>\n",
       "      <td>47.90</td>\n",
       "      <td>39.62</td>\n",
       "      <td>High</td>\n",
       "      <td>1</td>\n",
       "      <td>No</td>\n",
       "      <td>2</td>\n",
       "      <td>4</td>\n",
       "      <td>Yes</td>\n",
       "      <td>4</td>\n",
       "      <td>No</td>\n",
       "      <td>10</td>\n",
       "      <td>3</td>\n",
       "    </tr>\n",
       "  </tbody>\n",
       "</table>\n",
       "</div>"
      ],
      "text/plain": [
       "  Age_Group  Gender  Smoking_Prevalence  Drug_Experimentation  \\\n",
       "0     15-19    Both               18.85                 32.40   \n",
       "1     10-14  Female               34.88                 41.57   \n",
       "2     10-14    Both               42.00                 56.80   \n",
       "3     40-49    Both               33.75                 42.90   \n",
       "4     15-19    Male               47.90                 39.62   \n",
       "\n",
       "  Socioeconomic_Status  Peer_Influence School_Programs  Family_Background  \\\n",
       "0                 High               5             Yes                  1   \n",
       "1                 High               6             Yes                 10   \n",
       "2                 High               6             Yes                  2   \n",
       "3               Middle              10              No                  9   \n",
       "4                 High               1              No                  2   \n",
       "\n",
       "   Mental_Health Access_to_Counseling  Parental_Supervision  \\\n",
       "0              5                   No                     4   \n",
       "1              5                   No                     9   \n",
       "2              7                  Yes                     2   \n",
       "3              7                  Yes                     2   \n",
       "4              4                  Yes                     4   \n",
       "\n",
       "  Substance_Education  Community_Support  Media_Influence  \n",
       "0                  No                  3                1  \n",
       "1                 Yes                  9                3  \n",
       "2                  No                  5                1  \n",
       "3                  No                 10                9  \n",
       "4                  No                 10                3  "
      ]
     },
     "execution_count": 5,
     "metadata": {},
     "output_type": "execute_result"
    }
   ],
   "source": [
    "# removing year column\n",
    "df=df.drop(['Year'],axis=1)\n",
    "df.head()"
   ]
  },
  {
   "cell_type": "code",
   "execution_count": 6,
   "id": "707cf394",
   "metadata": {},
   "outputs": [
    {
     "data": {
      "text/html": [
       "<div>\n",
       "<style scoped>\n",
       "    .dataframe tbody tr th:only-of-type {\n",
       "        vertical-align: middle;\n",
       "    }\n",
       "\n",
       "    .dataframe tbody tr th {\n",
       "        vertical-align: top;\n",
       "    }\n",
       "\n",
       "    .dataframe thead th {\n",
       "        text-align: right;\n",
       "    }\n",
       "</style>\n",
       "<table border=\"1\" class=\"dataframe\">\n",
       "  <thead>\n",
       "    <tr style=\"text-align: right;\">\n",
       "      <th></th>\n",
       "      <th>Age_Group</th>\n",
       "      <th>Gender</th>\n",
       "      <th>Smoking_Prevalence</th>\n",
       "      <th>Drug_Experimentation</th>\n",
       "      <th>Socioeconomic_Status</th>\n",
       "      <th>Peer_Influence</th>\n",
       "      <th>School_Programs</th>\n",
       "      <th>Family_Background</th>\n",
       "      <th>Mental_Health</th>\n",
       "      <th>Access_to_Counseling</th>\n",
       "      <th>Parental_Supervision</th>\n",
       "      <th>Substance_Education</th>\n",
       "      <th>Community_Support</th>\n",
       "      <th>Media_Influence</th>\n",
       "    </tr>\n",
       "  </thead>\n",
       "  <tbody>\n",
       "    <tr>\n",
       "      <th>0</th>\n",
       "      <td>1</td>\n",
       "      <td>0</td>\n",
       "      <td>18.85</td>\n",
       "      <td>32.40</td>\n",
       "      <td>0</td>\n",
       "      <td>5</td>\n",
       "      <td>1</td>\n",
       "      <td>1</td>\n",
       "      <td>5</td>\n",
       "      <td>0</td>\n",
       "      <td>4</td>\n",
       "      <td>0</td>\n",
       "      <td>3</td>\n",
       "      <td>1</td>\n",
       "    </tr>\n",
       "    <tr>\n",
       "      <th>1</th>\n",
       "      <td>0</td>\n",
       "      <td>1</td>\n",
       "      <td>34.88</td>\n",
       "      <td>41.57</td>\n",
       "      <td>0</td>\n",
       "      <td>6</td>\n",
       "      <td>1</td>\n",
       "      <td>10</td>\n",
       "      <td>5</td>\n",
       "      <td>0</td>\n",
       "      <td>9</td>\n",
       "      <td>1</td>\n",
       "      <td>9</td>\n",
       "      <td>3</td>\n",
       "    </tr>\n",
       "    <tr>\n",
       "      <th>2</th>\n",
       "      <td>0</td>\n",
       "      <td>0</td>\n",
       "      <td>42.00</td>\n",
       "      <td>56.80</td>\n",
       "      <td>0</td>\n",
       "      <td>6</td>\n",
       "      <td>1</td>\n",
       "      <td>2</td>\n",
       "      <td>7</td>\n",
       "      <td>1</td>\n",
       "      <td>2</td>\n",
       "      <td>0</td>\n",
       "      <td>5</td>\n",
       "      <td>1</td>\n",
       "    </tr>\n",
       "    <tr>\n",
       "      <th>3</th>\n",
       "      <td>5</td>\n",
       "      <td>0</td>\n",
       "      <td>33.75</td>\n",
       "      <td>42.90</td>\n",
       "      <td>2</td>\n",
       "      <td>10</td>\n",
       "      <td>0</td>\n",
       "      <td>9</td>\n",
       "      <td>7</td>\n",
       "      <td>1</td>\n",
       "      <td>2</td>\n",
       "      <td>0</td>\n",
       "      <td>10</td>\n",
       "      <td>9</td>\n",
       "    </tr>\n",
       "    <tr>\n",
       "      <th>4</th>\n",
       "      <td>1</td>\n",
       "      <td>2</td>\n",
       "      <td>47.90</td>\n",
       "      <td>39.62</td>\n",
       "      <td>0</td>\n",
       "      <td>1</td>\n",
       "      <td>0</td>\n",
       "      <td>2</td>\n",
       "      <td>4</td>\n",
       "      <td>1</td>\n",
       "      <td>4</td>\n",
       "      <td>0</td>\n",
       "      <td>10</td>\n",
       "      <td>3</td>\n",
       "    </tr>\n",
       "  </tbody>\n",
       "</table>\n",
       "</div>"
      ],
      "text/plain": [
       "   Age_Group  Gender  Smoking_Prevalence  Drug_Experimentation  \\\n",
       "0          1       0               18.85                 32.40   \n",
       "1          0       1               34.88                 41.57   \n",
       "2          0       0               42.00                 56.80   \n",
       "3          5       0               33.75                 42.90   \n",
       "4          1       2               47.90                 39.62   \n",
       "\n",
       "   Socioeconomic_Status  Peer_Influence  School_Programs  Family_Background  \\\n",
       "0                     0               5                1                  1   \n",
       "1                     0               6                1                 10   \n",
       "2                     0               6                1                  2   \n",
       "3                     2              10                0                  9   \n",
       "4                     0               1                0                  2   \n",
       "\n",
       "   Mental_Health  Access_to_Counseling  Parental_Supervision  \\\n",
       "0              5                     0                     4   \n",
       "1              5                     0                     9   \n",
       "2              7                     1                     2   \n",
       "3              7                     1                     2   \n",
       "4              4                     1                     4   \n",
       "\n",
       "   Substance_Education  Community_Support  Media_Influence  \n",
       "0                    0                  3                1  \n",
       "1                    1                  9                3  \n",
       "2                    0                  5                1  \n",
       "3                    0                 10                9  \n",
       "4                    0                 10                3  "
      ]
     },
     "execution_count": 6,
     "metadata": {},
     "output_type": "execute_result"
    }
   ],
   "source": [
    "# Encoding categorical data\n",
    "from sklearn.preprocessing import LabelEncoder\n",
    "labels={}\n",
    "for col in ['Age_Group','Gender','Socioeconomic_Status','School_Programs','Access_to_Counseling','Substance_Education']:\n",
    "    encode=LabelEncoder()\n",
    "    df[col]=encode.fit_transform(df[col])\n",
    "    labels[col]=encode\n",
    "# New dataset\n",
    "df.head()\n",
    "    "
   ]
  },
  {
   "cell_type": "code",
   "execution_count": null,
   "id": "d9f74a72",
   "metadata": {},
   "outputs": [],
   "source": [
    "# pairplot\n",
    "# import seaborn as sns\n",
    "# plt.figure(figsize=(10,8))\n",
    "# sns.pairplot(df)\n",
    "# plt.show()"
   ]
  },
  {
   "cell_type": "code",
   "execution_count": 8,
   "id": "3143aade",
   "metadata": {},
   "outputs": [
    {
     "data": {
      "text/plain": [
       "array([[ 1.  ,  0.  , 18.85, ...,  0.  ,  3.  ,  1.  ],\n",
       "       [ 0.  ,  1.  , 34.88, ...,  1.  ,  9.  ,  3.  ],\n",
       "       [ 0.  ,  0.  , 42.  , ...,  0.  ,  5.  ,  1.  ],\n",
       "       ...,\n",
       "       [ 3.  ,  0.  , 47.62, ...,  0.  ,  5.  , 10.  ],\n",
       "       [ 5.  ,  2.  ,  9.37, ...,  1.  , 10.  ,  4.  ],\n",
       "       [ 0.  ,  2.  , 43.77, ...,  0.  ,  6.  ,  3.  ]])"
      ]
     },
     "execution_count": 8,
     "metadata": {},
     "output_type": "execute_result"
    }
   ],
   "source": [
    "# Converting df to nd array\n",
    "data=df.to_numpy()\n",
    "data"
   ]
  },
  {
   "cell_type": "code",
   "execution_count": 9,
   "id": "fe30ba34",
   "metadata": {},
   "outputs": [
    {
     "data": {
      "text/plain": [
       "array([ 4.4576  ,  0.9879  , 27.439257, 40.150182,  0.998   ,  5.4401  ,\n",
       "        0.4959  ,  5.5133  ,  5.4698  ,  0.4915  ,  5.528   ,  0.5011  ,\n",
       "        5.5446  ,  5.5062  ])"
      ]
     },
     "execution_count": 9,
     "metadata": {},
     "output_type": "execute_result"
    }
   ],
   "source": [
    "# Standardizing dataset\n",
    "# Finding mean\n",
    "xbar=data.mean(axis=0)\n",
    "xbar"
   ]
  },
  {
   "cell_type": "code",
   "execution_count": 10,
   "id": "50aa0b1b",
   "metadata": {},
   "outputs": [
    {
     "data": {
      "text/plain": [
       "array([ 2.86311404,  0.81903643, 12.97552755, 17.51591712,  0.81906232,\n",
       "        2.86315067,  0.50000819,  2.86503821,  2.87932579,  0.49995274,\n",
       "        2.89151381,  0.50002379,  2.8703022 ,  2.87283603])"
      ]
     },
     "execution_count": 10,
     "metadata": {},
     "output_type": "execute_result"
    }
   ],
   "source": [
    "# Finding STD\n",
    "stdev=np.std(data,axis=0,ddof=1) #for sample ddof=1,population=0\n",
    "stdev"
   ]
  },
  {
   "cell_type": "code",
   "execution_count": 11,
   "id": "689e2106",
   "metadata": {},
   "outputs": [
    {
     "data": {
      "text/plain": [
       "array([[-1.20763615, -1.20617346, -0.66195821, ..., -1.00215231,\n",
       "        -0.88652686, -1.56855454],\n",
       "       [-1.5569062 ,  0.01477346,  0.57344435, ...,  0.99775252,\n",
       "         1.20384537, -0.87237836],\n",
       "       [-1.5569062 , -1.20617346,  1.12216963, ..., -1.00215231,\n",
       "        -0.18973612, -1.56855454],\n",
       "       ...,\n",
       "       [-0.50909603, -1.20617346,  1.55529268, ..., -1.00215231,\n",
       "        -0.18973612,  1.56423825],\n",
       "       [ 0.18944408,  1.23572037, -1.39256434, ...,  0.99775252,\n",
       "         1.55224074, -0.52429028],\n",
       "       [-1.5569062 ,  1.23572037,  1.25858027, ..., -1.00215231,\n",
       "         0.15865925, -0.87237836]])"
      ]
     },
     "execution_count": 11,
     "metadata": {},
     "output_type": "execute_result"
    }
   ],
   "source": [
    "# standardized data\n",
    "s_data=(data-xbar)/stdev\n",
    "s_data"
   ]
  },
  {
   "cell_type": "code",
   "execution_count": 12,
   "id": "cbc842df",
   "metadata": {},
   "outputs": [
    {
     "data": {
      "text/plain": [
       "array([[ 1.00000000e+00, -1.05044431e-03, -1.25151629e-02,\n",
       "        -9.99068207e-03, -8.69349268e-03,  7.52866232e-03,\n",
       "        -3.57950709e-03, -7.08184530e-03, -1.61111949e-03,\n",
       "         2.99704060e-03,  1.58720336e-02,  3.21110575e-03,\n",
       "        -9.60292378e-03, -3.03207711e-03],\n",
       "       [-1.05044431e-03,  1.00000000e+00, -6.79338388e-03,\n",
       "        -1.55512616e-02,  1.93444955e-02, -2.93194249e-03,\n",
       "        -5.37166326e-03, -4.51302369e-03,  4.31909274e-03,\n",
       "        -6.96771206e-03,  2.40234628e-03,  8.45747866e-03,\n",
       "         2.03729699e-02, -1.73309804e-02],\n",
       "       [-1.25151629e-02, -6.79338388e-03,  1.00000000e+00,\n",
       "         7.21574631e-03,  1.15756048e-02,  1.41414519e-02,\n",
       "        -1.00543119e-02,  3.34193754e-03,  4.15812072e-03,\n",
       "        -4.27438641e-03,  4.01955591e-03, -1.11765210e-03,\n",
       "         5.86825637e-03,  1.00485005e-02],\n",
       "       [-9.99068207e-03, -1.55512616e-02,  7.21574631e-03,\n",
       "         1.00000000e+00, -4.00626438e-03,  9.87121667e-04,\n",
       "        -1.61743285e-02, -8.45994353e-03,  2.62046996e-02,\n",
       "        -3.90320435e-03,  2.44490345e-03,  8.58107958e-03,\n",
       "         6.85465260e-03,  5.39630554e-03],\n",
       "       [-8.69349268e-03,  1.93444955e-02,  1.15756048e-02,\n",
       "        -4.00626438e-03,  1.00000000e+00,  1.69648195e-02,\n",
       "         1.44518793e-03, -4.33572956e-03, -1.63707276e-03,\n",
       "         7.77381439e-03, -2.70023159e-02, -1.29369343e-02,\n",
       "        -9.91644571e-03,  1.47961801e-02],\n",
       "       [ 7.52866232e-03, -2.93194249e-03,  1.41414519e-02,\n",
       "         9.87121667e-04,  1.69648195e-02,  1.00000000e+00,\n",
       "         7.72249576e-03,  5.01043513e-03, -9.25122862e-03,\n",
       "         4.11574290e-03, -2.92012147e-03, -3.58652390e-03,\n",
       "        -1.61584327e-02, -1.67764546e-02],\n",
       "       [-3.57950709e-03, -5.37166326e-03, -1.00543119e-02,\n",
       "        -1.61743285e-02,  1.44518793e-03,  7.72249576e-03,\n",
       "         1.00000000e+00,  7.43824007e-03,  5.73918445e-04,\n",
       "        -1.09413489e-02, -8.53271496e-03, -1.18200260e-03,\n",
       "        -7.43338598e-03,  7.98958209e-03],\n",
       "       [-7.08184530e-03, -4.51302369e-03,  3.34193754e-03,\n",
       "        -8.45994353e-03, -4.33572956e-03,  5.01043513e-03,\n",
       "         7.43824007e-03,  1.00000000e+00, -3.40039500e-03,\n",
       "         3.08122140e-03, -5.29034387e-03,  9.69348183e-03,\n",
       "        -1.08046197e-02,  7.17713405e-03],\n",
       "       [-1.61111949e-03,  4.31909274e-03,  4.15812072e-03,\n",
       "         2.62046996e-02, -1.63707276e-03, -9.25122862e-03,\n",
       "         5.73918445e-04, -3.40039500e-03,  1.00000000e+00,\n",
       "        -7.16049925e-03, -4.96762814e-03, -1.55022054e-02,\n",
       "         7.21793594e-03,  6.75521400e-04],\n",
       "       [ 2.99704060e-03, -6.96771206e-03, -4.27438641e-03,\n",
       "        -3.90320435e-03,  7.77381439e-03,  4.11574290e-03,\n",
       "        -1.09413489e-02,  3.08122140e-03, -7.16049925e-03,\n",
       "         1.00000000e+00, -8.31006708e-03, -8.76388768e-03,\n",
       "        -8.13375713e-03,  9.76716296e-04],\n",
       "       [ 1.58720336e-02,  2.40234628e-03,  4.01955591e-03,\n",
       "         2.44490345e-03, -2.70023159e-02, -2.92012147e-03,\n",
       "        -8.53271496e-03, -5.29034387e-03, -4.96762814e-03,\n",
       "        -8.31006708e-03,  1.00000000e+00, -1.37015001e-03,\n",
       "        -1.08509676e-02, -3.65682006e-03],\n",
       "       [ 3.21110575e-03,  8.45747866e-03, -1.11765210e-03,\n",
       "         8.58107958e-03, -1.29369343e-02, -3.58652390e-03,\n",
       "        -1.18200260e-03,  9.69348183e-03, -1.55022054e-02,\n",
       "        -8.76388768e-03, -1.37015001e-03,  1.00000000e+00,\n",
       "        -1.10788986e-02,  1.10302227e-02],\n",
       "       [-9.60292378e-03,  2.03729699e-02,  5.86825637e-03,\n",
       "         6.85465260e-03, -9.91644571e-03, -1.61584327e-02,\n",
       "        -7.43338598e-03, -1.08046197e-02,  7.21793594e-03,\n",
       "        -8.13375713e-03, -1.08509676e-02, -1.10788986e-02,\n",
       "         1.00000000e+00,  8.94150854e-03],\n",
       "       [-3.03207711e-03, -1.73309804e-02,  1.00485005e-02,\n",
       "         5.39630554e-03,  1.47961801e-02, -1.67764546e-02,\n",
       "         7.98958209e-03,  7.17713405e-03,  6.75521400e-04,\n",
       "         9.76716296e-04, -3.65682006e-03,  1.10302227e-02,\n",
       "         8.94150854e-03,  1.00000000e+00]])"
      ]
     },
     "execution_count": 12,
     "metadata": {},
     "output_type": "execute_result"
    }
   ],
   "source": [
    "# Compute covariance \n",
    "cov_mat=np.cov(s_data,rowvar=False)#True when each row represent variable(here column represent variable)\n",
    "cov_mat"
   ]
  },
  {
   "cell_type": "code",
   "execution_count": 13,
   "id": "8cf8b08a",
   "metadata": {},
   "outputs": [],
   "source": [
    "# Finding eigenvalues and eigenvectors\n",
    "eigen_values,eigen_vectors=np.linalg.eigh(cov_mat)"
   ]
  },
  {
   "cell_type": "code",
   "execution_count": 14,
   "id": "f0633183",
   "metadata": {},
   "outputs": [
    {
     "data": {
      "text/plain": [
       "array([0.93426673, 0.95060152, 0.96858222, 0.97272938, 0.98358138,\n",
       "       0.9911648 , 1.00065497, 1.00251656, 1.01229762, 1.01506718,\n",
       "       1.02891448, 1.03647774, 1.04985207, 1.05329336])"
      ]
     },
     "execution_count": 14,
     "metadata": {},
     "output_type": "execute_result"
    }
   ],
   "source": [
    "# eigenvalues\n",
    "eigen_values"
   ]
  },
  {
   "cell_type": "code",
   "execution_count": 15,
   "id": "b5d993e5",
   "metadata": {},
   "outputs": [
    {
     "data": {
      "text/plain": [
       "array([[-0.03507041,  0.29288121,  0.04842741,  0.22329899,  0.4922072 ,\n",
       "         0.31640277,  0.51528658,  0.15185771,  0.08651904, -0.09718641,\n",
       "        -0.16565356, -0.09948637, -0.3246792 , -0.26483463],\n",
       "       [-0.46313875,  0.03743633,  0.00402146, -0.28358913, -0.10050806,\n",
       "         0.30879132,  0.10299197, -0.13664757, -0.01457757,  0.39241247,\n",
       "         0.18142828, -0.61177792,  0.05913003,  0.06358726],\n",
       "       [-0.1170234 ,  0.24525509,  0.5116539 ,  0.05535274,  0.08407837,\n",
       "         0.09952631, -0.18860981,  0.42705876, -0.05359801,  0.45057603,\n",
       "        -0.26746938,  0.24322793,  0.24372534,  0.17430168],\n",
       "       [-0.21052916,  0.4430229 , -0.32648612, -0.23131425,  0.03809765,\n",
       "        -0.13390169,  0.19018371, -0.37322109, -0.05699146,  0.06277671,\n",
       "        -0.30518991,  0.3234972 , -0.06829039,  0.44138415],\n",
       "       [ 0.47715849,  0.23097577, -0.21840981,  0.08917381, -0.27367727,\n",
       "         0.09620025,  0.37724383,  0.04964766,  0.08398011,  0.09684586,\n",
       "        -0.09925748, -0.15846174,  0.61709183, -0.04676912],\n",
       "       [-0.04475431, -0.45624186, -0.24044038, -0.23217183,  0.3934651 ,\n",
       "        -0.11897642,  0.02806186, -0.04180407, -0.29689026,  0.23199208,\n",
       "        -0.44165932,  0.01558432,  0.24497886, -0.33065881],\n",
       "       [ 0.00997383,  0.32826276,  0.19020466, -0.46745154,  0.05888191,\n",
       "        -0.1098801 ,  0.11297316,  0.13338865, -0.55370623, -0.29259275,\n",
       "         0.34905   ,  0.07458372,  0.14735222, -0.22371127],\n",
       "       [ 0.05559454,  0.17217961, -0.31016354,  0.10386823,  0.1508129 ,\n",
       "         0.6129447 , -0.4323109 , -0.2157374 , -0.08341914,  0.10486597,\n",
       "         0.2388365 ,  0.30758261,  0.11694699, -0.21239154],\n",
       "       [ 0.1997328 , -0.34881072,  0.3117191 , -0.01384214, -0.02913872,\n",
       "         0.49867311,  0.16071832, -0.21869032, -0.35188116, -0.26441129,\n",
       "        -0.17628837,  0.00161411,  0.01186103,  0.43925295],\n",
       "       [ 0.03596306,  0.04582974,  0.26523967, -0.53057633,  0.07743361,\n",
       "         0.14975938, -0.15122872, -0.16327728,  0.60505444, -0.30355809,\n",
       "        -0.22995624,  0.0177733 ,  0.16212023, -0.17050635],\n",
       "       [ 0.31187475, -0.01341432, -0.22821358, -0.41587125, -0.36486311,\n",
       "         0.22052473, -0.03398097,  0.38693069, -0.05391761,  0.19259138,\n",
       "        -0.19414235,  0.04460292, -0.51091968, -0.06464836],\n",
       "       [ 0.34382732, -0.11357982,  0.31281576, -0.12534043,  0.09125023,\n",
       "        -0.11252889,  0.28894686, -0.39597099,  0.11582162,  0.51585975,\n",
       "         0.3316694 ,  0.25809266, -0.16608671, -0.10158087],\n",
       "       [ 0.37601682,  0.02783198, -0.17983743, -0.18034848,  0.57852789,\n",
